(40, 7.685503160331443e-05)
(48, 7.663562368138701e-05)
(56, 7.651241100997939e-05)
(72, 7.752540031283112e-05)
(104, 7.797840046844133e-05)
(120, 7.958236084503065e-05)
(128, 7.942873202006858e-05)
(152, 8.104655974228362e-05)
(168, 8.060897678985845e-05)
(176, 8.091790129033578e-05)
(192, 8.130018585477485e-05)
(208, 8.223204749942863e-05)
(216, 8.3211710075943e-05)
(232, 8.350782850210999e-05)
(240, 8.428300966764768e-05)
(296, 8.665862610444709e-05)
(312, 8.594836143444587e-05)
(328, 8.791668707289565e-05)
(336, 8.686843186453416e-05)
(376, 8.948923857233086e-05)
(384, 9.104650493430782e-05)
(400, 9.17793118892176e-05)
(408, 9.242074798584416e-05)
(416, 9.30269405624473e-05)
(440, 9.335203888083427e-05)
(480, 9.486833898868249e-05)
(504, 9.542379522016214e-05)
(520, 9.799983127428341e-05)
(536, 9.691731318301798e-05)
(544, 0.0001012022043512898)
(592, 0.00010594860397123435)
(600, 0.00010522117045347787)
(632, 0.00010912099960904326)
(640, 0.00010471326719055699)
(648, 0.00010838625369680998)
(776, 0.00011297680071946435)
(792, 0.00012087765748051352)
(824, 0.00012581536917753174)
(832, 0.0001200706045356941)
(872, 0.00012592000506152473)
(888, 0.0001286369568181093)
(952, 0.00014641421942830862)
(960, 0.00014452676786628165)
(976, 0.00014409889447071625)
(992, 0.00014634032337869758)
(1008, 0.00015327590638334473)
(1024, 0.00015725506274432468)
(1064, 0.00015939314146473014)
(1072, 0.00016584127065877188)
(1104, 0.0001673434923041229)
(1160, 0.00018537294246834176)
(1168, 0.00019375488078927867)
(1216, 0.00021446678643973946)
(1224, 0.00020196780161747308)
(1232, 0.00020584293979379538)
(1248, 0.00020938487485394446)
(1256, 0.00020835708799968637)
(1304, 0.00023847177992895023)
(1400, 0.00028296833803792207)
(1456, 0.00031522230280693034)
(1536, 0.00035375078566424314)
(1544, 0.0003965315216965337)
(1552, 0.0003791760828236871)
(1560, 0.0004257501547437239)
(1568, 0.00043555542485836817)
(1584, 0.00044117097052267216)
(1632, 0.0005279101537331348)
(1648, 0.0005091029125220177)
(1688, 0.0006467462023305506)
(1704, 0.0006266428366422782)
(1712, 0.0006476708357061739)
(1720, 0.0006756603493014318)
(1744, 0.0007966301890150817)
(1776, 0.0008677617941080465)
(1800, 0.0010261865729201207)
(1840, 0.0012817189402967294)
(1888, 0.0014862431876513783)
(1928, 0.002437939100140482)
(1936, 0.002829538713869877)
(1984, 0.005365409470367126)
(2000, 0.019082573101672138)
(24, 7.566124939653934e-05)
(64, 7.652770088818626e-05)
(88, 7.744726936620559e-05)
(136, 7.921803388149983e-05)
(200, 8.311898072231892e-05)
(224, 8.1991846457222e-05)
(272, 8.722660950750762e-05)
(344, 8.786153437570779e-05)
(360, 8.535866918706141e-05)
(424, 9.153238185235203e-05)
(448, 9.26388443400034e-05)
(456, 9.283250169390351e-05)
(496, 9.809704131821986e-05)
(560, 0.00010052986060018636)
(608, 0.00010506080919119907)
(616, 0.00010573480641932445)
(696, 0.00010872450639161358)
(760, 0.00011840456969147543)
(768, 0.0001180459936661529)
(784, 0.00012019876775800291)
(864, 0.00012897306804079752)
(920, 0.00013256888257039387)
(968, 0.00014025780829562344)
(1032, 0.0001578355764303909)
(1080, 0.00016439161304147713)
(1120, 0.00017367854644014354)
(1128, 0.0001814043444508406)
(1192, 0.00019565014196108418)
(1240, 0.00020902953291501583)
(1264, 0.0002231734163477002)
(1272, 0.0002262795192597602)
(1288, 0.0002164002445423582)
(1296, 0.00022919139328011747)
(1320, 0.00022642561757159829)
(1328, 0.0002267528942569276)
(1352, 0.0002465587585473609)
(1408, 0.00028711114099271674)
(1440, 0.00032387820749833063)
(1472, 0.000311159327893506)
(1608, 0.00043055271162450336)
(1640, 0.0005100846135517866)
(1672, 0.0005617148798174199)
(1728, 0.0007029845899280147)
(1736, 0.0008311456972127733)
(1752, 0.0008106937478482499)
(1768, 0.0008801822458452296)
(1856, 0.0013314520546441634)
(1896, 0.001946370213913611)
(1904, 0.001961063051959942)
(1960, 0.0036161114197994556)
(112, 7.939207429208491e-05)
(184, 8.046272530157115e-05)
(280, 8.771629452924771e-05)
(288, 8.488273672030258e-05)
(352, 8.745825485203711e-05)
(472, 9.453349283875816e-05)
(576, 9.972451757951237e-05)
(584, 0.00010372943894686632)
(656, 0.00010919836543198772)
(688, 0.00011194715060176052)
(728, 0.00011110837338995278)
(736, 0.00011523194722383074)
(816, 0.00012139801374059082)
(848, 0.00012363062968338647)
(856, 0.00012747084399081644)
(880, 0.0001273157768972192)
(936, 0.0001465378963379737)
(944, 0.00014435457251152475)
(984, 0.0001468290055095107)
(1088, 0.0001690521942432288)
(1112, 0.00016884296410319395)
(1144, 0.000184027172910427)
(1176, 0.0001836435340235079)
(1280, 0.0002174281203307449)
(1336, 0.00024336049163157706)
(1384, 0.0002758950401569016)
(1392, 0.000275531385041484)
(1448, 0.0003100682233833112)
(1464, 0.00033934940409493635)
(1480, 0.0003291746517317276)
(1512, 0.00036707122142217666)
(1528, 0.0003634318572950864)
(1576, 0.00044428681633210403)
(1592, 0.00042838095569863407)
(1808, 0.0009125536343703961)
(1824, 0.001120685651354142)
(1872, 0.0014685143261873833)
(1880, 0.0015203935825519337)
(1976, 0.004082732454833575)
(1992, 0.008572323398174904)
(264, 8.458696288218106e-05)
(304, 8.917842030892484e-05)
(368, 8.816887048386073e-05)
(432, 9.253353116473016e-05)
(712, 0.00010920569660335483)
(744, 0.00011428864148820752)
(1016, 0.00014725243049113645)
(1040, 0.00015360607313216496)
(1056, 0.00016051581997605257)
(1096, 0.0001625780802003949)
(1208, 0.0001909446737229802)
(1312, 0.00022985773820565479)
(1368, 0.0002650370338623659)
(1416, 0.0002993956115618403)
(1488, 0.00034667762874122704)
(1616, 0.0004815318760245597)
(1624, 0.0005144267348054526)
(1696, 0.0006163069178126852)
(1832, 0.001120326858270565)
(80, 7.685907378401169e-05)
(256, 8.559129134499171e-05)
(528, 9.568626958648602e-05)
(568, 9.93826727094209e-05)
(704, 0.00011069689325978314)
(720, 0.00010901279515914333)
(808, 0.00011698660779648238)
(896, 0.00013162652471930436)
(1152, 0.00018440912967664563)
(1200, 0.00021077244380415388)
(1432, 0.0002634709024684286)
(1664, 0.0005862725263864067)
(1816, 0.0011112928480250194)
(1944, 0.0028702169396098527)
(144, 7.946593654803913e-05)
(464, 9.338069393643105e-05)
(672, 0.0001090475183112299)
(752, 0.00012216030379466446)
(800, 0.00012426514047588405)
(1344, 0.00024861775517097054)
(1504, 0.000355762215903878)
(1760, 0.0007995188427876816)
(1952, 0.0036389566040609233)
(624, 0.00010375611426030433)
(840, 0.00012863718438145156)
(1184, 0.00019289398017297143)
(1376, 0.00027393715713968595)
(1424, 0.00031874156113822745)
(1680, 0.0005632879297517751)
(1784, 0.0009316291797960879)
(1792, 0.0009738846308175151)
(1848, 0.0011591849012582355)
(1912, 0.001827985422387802)
(160, 7.994764749116001e-05)
(488, 9.487147298534775e-05)
(664, 0.00011205675014313982)
(1048, 0.00015539603819955488)
(1656, 0.0005463350031384575)
(1864, 0.0014145823296586755)
(1920, 0.0023176153470267505)
(96, 7.72011657086894e-05)
(320, 8.591293773147133e-05)
(552, 9.738298840305737e-05)
(680, 0.00010724293683028394)
(1496, 0.00033499024678578524)
(1600, 0.00047435037037952616)
(248, 8.422088496898698e-05)
(928, 0.00013615503467145416)
(1000, 0.0001418663712813282)
(1136, 0.00017398443458957813)
(1360, 0.00026438190925278434)
(1968, 0.006209537717813326)
(912, 0.00013479315419929731)
(904, 0.0001296315873134253)
(1520, 0.000367970369376001)
(512, 0.0001013025108939174)
(392, 9.129875207025353e-05)
(16, 7.543159497113341e-05)
(32, 7.619727739565292e-05)
(8, 7.521629826650254e-05)
(9, 7.532143654087419e-05)
(17, 7.52178072778769e-05)
(41, 7.620220205990062e-05)
(49, 7.674910689030545e-05)
(129, 7.940192867567566e-05)
(137, 7.936675085318965e-05)
(169, 8.145339770322623e-05)
(193, 8.230424083698186e-05)
(233, 8.34962920088148e-05)
(265, 8.548653829174094e-05)
(281, 8.391090782039717e-05)
(297, 8.68493009769641e-05)
(337, 8.763474940565538e-05)
(353, 8.567711049791429e-05)
(361, 8.942189238423329e-05)
(377, 9.061467493195926e-05)
(409, 8.908759420390134e-05)
(425, 9.338915425007575e-05)
(433, 9.457008138290329e-05)
(465, 9.532136713745746e-05)
(489, 9.787882528186146e-05)
(497, 9.722606135819213e-05)
(505, 9.489887910539498e-05)
(521, 9.834081026850379e-05)
(553, 0.00010141720855475263)
(561, 0.00010198885338916206)
(569, 9.897303911556448e-05)
(593, 0.00010168795027730094)
(673, 0.00010969054473437259)
(697, 0.00011360580645479485)
(705, 0.00011935202777401432)
(713, 0.00011098338934376932)
(721, 0.00011556004365090975)
(817, 0.00012564456242657515)
(825, 0.00011781916477335747)
(865, 0.00013219297777743112)
(977, 0.00014952635493827466)
(985, 0.0001419734317930035)
(993, 0.00015195276343830423)
(1041, 0.00014964835972329548)
(1073, 0.0001679897515564088)
(1081, 0.0001635030576423296)
(1089, 0.00016841282349877514)
(1113, 0.00016766774908707848)
(1129, 0.00018231536666333495)
(1153, 0.00018512284488996566)
(1177, 0.00018192338020123347)
(1225, 0.00021461947203032464)
(1249, 0.00021020646405892752)
(1297, 0.00022911399725142578)
(1329, 0.0002389609381212205)
(1353, 0.0002528337090538936)
(1369, 0.0002490014071667799)
(1409, 0.00027947132046668774)
(1433, 0.0002934594652648224)
(1489, 0.0003234720326490087)
(1521, 0.00036414525932656745)
(1529, 0.000366273750140518)
(1553, 0.00041248061029780574)
(1561, 0.0004032372287175504)
(1585, 0.0004343808578754742)
(1609, 0.0004202428891275448)
(1657, 0.00054544844304396)
(1665, 0.0005901121988386285)
(1689, 0.0006323991169883319)
(1705, 0.0006466000796932863)
(1713, 0.0006538646824333097)
(1721, 0.0006814291418736156)
(1729, 0.0007088942408126955)
(1753, 0.0009072742415115783)
(1761, 0.0008605799747210079)
(1857, 0.0015188430375417136)
(1937, 0.0025715961101265487)
(1969, 0.004176961597089798)
(57, 7.663016358488937e-05)
(89, 7.83273517718617e-05)
(113, 7.86930106432479e-05)
(161, 8.044850421651392e-05)
(177, 8.124809535846229e-05)
(185, 8.140673899202659e-05)
(209, 8.347076385297653e-05)
(257, 8.360566139338213e-05)
(289, 8.525392384185166e-05)
(369, 8.953798128905343e-05)
(385, 9.108287582400973e-05)
(401, 9.181980938105513e-05)
(441, 9.484971802274385e-05)
(537, 0.00010197806507338371)
(545, 9.70468361242724e-05)
(577, 0.00010365016404305767)
(585, 0.0001037959689802755)
(617, 0.00010480680632338463)
(689, 0.00010937241069153283)
(785, 0.00011946214511273012)
(801, 0.0001217751443964644)
(809, 0.00012024077437902073)
(873, 0.0001264382222252248)
(897, 0.00013054472405610838)
(905, 0.00013512067982896796)
(937, 0.00014057522200566286)
(1009, 0.00015171478466764206)
(1017, 0.00015104114357325683)
(1033, 0.00015704413021826305)
(1049, 0.0001603061147085862)
(1057, 0.00015423735806018612)
(1105, 0.00017123496349472282)
(1121, 0.00017218297117796427)
(1161, 0.00018677215048221348)
(1185, 0.0001780710407196172)
(1241, 0.0002057775433226469)
(1305, 0.0002322759010013956)
(1377, 0.0002804158772567682)
(1417, 0.00027566367019729083)
(1441, 0.0003028493320971205)
(1473, 0.00033942358117345115)
(1481, 0.0003402696621572502)
(1625, 0.00048561880287139935)
(1673, 0.0005221328474120741)
(1681, 0.0005753992777242717)
(1697, 0.000661412812671618)
(1737, 0.0006548712735558593)
(1745, 0.0007508534399338112)
(1777, 0.0009843735790299693)
(1817, 0.0010610682864492214)
(1825, 0.0011180422229454846)
(1865, 0.0014054409152619049)
(1905, 0.0019160441332284482)
(1921, 0.0023825053957008866)
(1953, 0.0032645417012531694)
(1961, 0.0033458531988970084)
(33, 7.565480889175225e-05)
(121, 7.771110689854411e-05)
(145, 7.95862661976509e-05)
(153, 7.993713543032036e-05)
(201, 7.96870605427775e-05)
(241, 8.461019129142644e-05)
(273, 8.40098492433644e-05)
(313, 8.715559175143434e-05)
(417, 9.168975827521314e-05)
(449, 9.348426023655091e-05)
(481, 9.645951646939066e-05)
(513, 9.602572176952584e-05)
(529, 9.700972380480437e-05)
(625, 0.00010753940100921268)
(641, 0.00010525148939128664)
(657, 0.00010722964431125276)
(665, 0.00010871900850349165)
(681, 0.00011008919475197653)
(849, 0.00012835877778916355)
(969, 0.00014752006334355403)
(1001, 0.00015171753638187874)
(1137, 0.00017975387247011427)
(1265, 0.00021449506109721077)
(1289, 0.00022355982823140058)
(1313, 0.00023128798721165752)
(1337, 0.00023301125108633503)
(1385, 0.00026211494873561625)
(1393, 0.00028093301815084777)
(1545, 0.00039152155506078735)
(1577, 0.00043127452344530803)
(1601, 0.0004218837384088951)
(1633, 0.0004829061306679846)
(1785, 0.0009665121532345361)
(1841, 0.0010880012852809628)
(1873, 0.001460200297110714)
(1889, 0.00156332700430246)
(1929, 0.0024491530600657635)
(1993, 0.009333014304543762)
(73, 7.732031093970137e-05)
(249, 8.312166045268678e-05)
(321, 8.81543627354869e-05)
(393, 9.169845668277119e-05)
(457, 9.409095750943668e-05)
(649, 0.00010425101521714196)
(729, 0.00011217460077531227)
(753, 0.0001186061856693745)
(761, 0.00011721901167045698)
(841, 0.00012478338677128208)
(857, 0.00012739418140698177)
(881, 0.0001325719932265253)
(929, 0.0001412079829695751)
(1065, 0.0001556187519864842)
(1233, 0.00020453019072523944)
(1281, 0.000227658516849905)
(1321, 0.0002284658340060867)
(1345, 0.00024137699405611164)
(1465, 0.0003258372940928666)
(1497, 0.0003410820702866519)
(1505, 0.00037154913651749587)
(1513, 0.0003622562087584807)
(1569, 0.00041744106498616413)
(1649, 0.0005200150281605415)
(1769, 0.0008202543258773852)
(1833, 0.0009682858341863893)
(1913, 0.0022794530375539516)
(65, 7.69826147918778e-05)
(81, 7.731587705119339e-05)
(105, 7.837973418656864e-05)
(329, 8.679234390220305e-05)
(745, 0.00011514988076398727)
(793, 0.00011997058240506556)
(921, 0.00013723200483508612)
(945, 0.0001372618776225571)
(953, 0.00014815372050989197)
(1169, 0.00018329788268866263)
(1217, 0.0002036827793017181)
(1425, 0.0002966201115767666)
(1881, 0.001529211241217347)
(1977, 0.005254122057099552)
(1985, 0.0043476850047141245)
(217, 8.37138490668094e-05)
(305, 8.662001015996222e-05)
(601, 0.00010484983211659167)
(633, 0.00010675054810031537)
(737, 0.00011796652522833915)
(769, 0.00011888718684026879)
(913, 0.00013657172101193624)
(1201, 0.00019748676310685697)
(1361, 0.0002507024507902106)
(1537, 0.00037885369905670284)
(1897, 0.0018683161297176675)
(225, 8.275685233915782e-05)
(473, 9.314518736035059e-05)
(777, 0.00011879918013977454)
(833, 0.00012634753224962563)
(1025, 0.00015130853186376826)
(1641, 0.0005151210293715532)
(1809, 0.0010849443848395585)
(97, 7.809626861795319e-05)
(889, 0.0001308690961956897)
(1097, 0.00017494234912638208)
(1193, 0.00019007909204888922)
(1209, 0.00019188499613124663)
(1457, 0.0003152882818046645)
(1801, 0.0009092598063045869)
(609, 0.00010108752306879263)
(1401, 0.0002960236692980636)
(1593, 0.00043301366745553105)
(1617, 0.0005168129089873815)
(1793, 0.0009741405685190183)
(1849, 0.0012526047249438188)
(345, 8.695926295997514e-05)
(1257, 0.000231282131464407)
(961, 0.0001473011604615191)
(1945, 0.0029734474210407025)
(1145, 0.00018247567755345215)
(1449, 0.0002824437474215822)
(1273, 0.00021390112364045834)
(25, 7.577276450014463e-05)
(10, 7.542638192511283e-05)
(74, 7.74957557171808e-05)
(114, 7.883298876737286e-05)
(218, 8.190893531258987e-05)
(234, 8.451708655694685e-05)
(242, 8.479638493031009e-05)
(266, 8.374508047640782e-05)
(282, 8.501466557400991e-05)
(306, 8.719015606555898e-05)
(330, 8.803093344831342e-05)
(394, 9.076388702884903e-05)
(402, 9.054093004464245e-05)
(426, 9.185518571406286e-05)
(434, 9.316804012164334e-05)
(442, 9.13974203841695e-05)
(506, 9.738626486952587e-05)
(530, 9.7120229985976e-05)
(546, 9.808089611632124e-05)
(562, 0.0001023935194885227)
(570, 0.00010027579785306397)
(602, 0.00010590539376234307)
(610, 0.00010351819145610084)
(626, 0.00010656383790101688)
(682, 0.0001099782418969391)
(698, 0.00011312479095119173)
(730, 0.00011686512713515593)
(738, 0.0001188699535698349)
(762, 0.0001172556842676584)
(778, 0.00011881723143572514)
(810, 0.00012153936009917681)
(850, 0.00013095444227154043)
(874, 0.00012846532816647942)
(930, 0.00012986192130798929)
(1002, 0.00014862867063412445)
(1050, 0.00015864604508332647)
(1058, 0.0001607762823255335)
(1066, 0.00016396176287953917)
(1114, 0.00016485386767731)
(1130, 0.0001805744882774947)
(1194, 0.0001944144486492755)
(1202, 0.00020062005130538316)
(1218, 0.0001932837427017516)
(1274, 0.00021938108948639252)
(1298, 0.00022917207792952192)
(1354, 0.00023774045204015483)
(1362, 0.00025406880956464723)
(1378, 0.00027801868472302827)
(1386, 0.00027996606109414275)
(1402, 0.0002995897558158858)
(1418, 0.00028603819846759003)
(1426, 0.0002904391081960058)
(1482, 0.000333964472613191)
(1554, 0.0003723560998980006)
(1618, 0.0005309712606219275)
(1626, 0.000498546112068077)
(1650, 0.0004831185551949454)
(1674, 0.0005956791225081164)
(1682, 0.0006268797194613296)
(1698, 0.0006082874558262586)
(1738, 0.0007543726035691863)
(1770, 0.0007923977521908289)
(1786, 0.0009160876970415445)
(1802, 0.0009226302979066261)
(1810, 0.0010207698334198895)
(1818, 0.0010499354042012266)
(1874, 0.001426281896674973)
(1882, 0.001626089043449411)
(1906, 0.002164067650342858)
(1994, 0.01123592941020231)
(18, 7.565571241139724e-05)
(42, 7.665023627543432e-05)
(138, 8.00302848194411e-05)
(146, 8.035577911726686e-05)
(154, 7.910397626026766e-05)
(178, 8.084932246106399e-05)
(186, 8.10267704254292e-05)
(258, 8.334719634088364e-05)
(298, 8.544522015012155e-05)
(346, 8.904324107473385e-05)
(378, 8.946909647975571e-05)
(458, 9.278644036252902e-05)
(474, 9.368058994707237e-05)
(498, 9.810581092776859e-05)
(514, 9.79928719394563e-05)
(538, 9.793938591727192e-05)
(650, 0.00011046891636194151)
(658, 0.00010596337190891443)
(674, 0.00011293440200199075)
(690, 0.00010950747069675223)
(746, 0.00011596389591676485)
(754, 0.00012263986867863444)
(770, 0.00011573680780902629)
(818, 0.00012310284267919236)
(826, 0.00012279802355619055)
(866, 0.0001312562172702669)
(882, 0.00013568868379141286)
(962, 0.0001396860381957529)
(978, 0.00014300384818845876)
(986, 0.00015140326936947284)
(1010, 0.00015313790836440628)
(1074, 0.000168662544092824)
(1082, 0.0001658066781003478)
(1154, 0.0001875846923587732)
(1314, 0.00023692959152783174)
(1338, 0.0002513197739567833)
(1434, 0.0003104354610954678)
(1442, 0.0002910153464560226)
(1490, 0.0003395788198145701)
(1578, 0.0003892781324327193)
(1610, 0.0004913614691937987)
(1666, 0.0005931415652270814)
(1690, 0.0005908370766240196)
(1722, 0.0007243466746639858)
(1762, 0.0007614868753674673)
(1794, 0.0009678532402833858)
(1834, 0.0009509942983788915)
(1858, 0.0012661235660687156)
(1898, 0.0017536813222538254)
(82, 7.732771399910531e-05)
(194, 8.297039826192264e-05)
(226, 8.301458068327665e-05)
(370, 8.901245670608188e-05)
(410, 9.189797548355775e-05)
(522, 9.827127861054637e-05)
(586, 0.00010254857486129968)
(618, 0.00010152037873003498)
(714, 0.00011580219074097321)
(722, 0.00011530191730141348)
(802, 0.00012016938705884939)
(906, 0.0001326843269278208)
(946, 0.00013973088195527982)
(954, 0.00013707406893744798)
(970, 0.00014277315498272323)
(1026, 0.00015267279978100246)
(1170, 0.00019765795453230406)
(1186, 0.00019313938540033013)
(1250, 0.00021118846277868946)
(1306, 0.00024425627050649805)
(1330, 0.00024463636445954176)
(1370, 0.0002653707246060646)
(1394, 0.0002963308143775936)
(1410, 0.00029956182938714425)
(1474, 0.00033590678025910604)
(1530, 0.00036173375204571416)
(1586, 0.00040323650930171854)
(1634, 0.0005121711156860984)
(1754, 0.0007478081136666517)
(1778, 0.0008611332698553746)
(1842, 0.0012269053563512464)
(1890, 0.0015912055798525514)
(1914, 0.0024799608333502983)
(58, 7.683354408032253e-05)
(122, 7.904810391243037e-05)
(170, 8.069645556381317e-05)
(250, 8.457067000987081e-05)
(314, 8.920558864806489e-05)
(322, 8.451250319629639e-05)
(386, 9.257395898878482e-05)
(418, 9.051322156798734e-05)
(578, 9.827924464537087e-05)
(634, 0.00010728416619952654)
(642, 0.0001089335910592575)
(666, 0.0001080346187725206)
(786, 0.00011974303940110817)
(898, 0.0001335485225518781)
(994, 0.00014941370130778194)
(1018, 0.0001520819106595674)
(1138, 0.00018814331475749323)
(1210, 0.0001995861441358264)
(1226, 0.00019955258399496922)
(1234, 0.00021222614977701787)
(1282, 0.00020672428326789827)
(1322, 0.0002526099494121571)
(1458, 0.00035598171702876596)
(1466, 0.00032755578604007455)
(1514, 0.0003494901624338344)
(1522, 0.00037793163819852866)
(1570, 0.0004096659610644029)
(1594, 0.00043438978087577407)
(1714, 0.0006419664158413757)
(1730, 0.0006919470697216662)
(1746, 0.000849882421855787)
(1850, 0.0013722054309292825)
(1930, 0.0027439941362354687)
(1938, 0.002461909144406171)
(1954, 0.0036074557282258063)
(1962, 0.003883815348277834)
(1978, 0.004821004435362451)
(1986, 0.007757175188217473)
(50, 7.729329050896991e-05)
(66, 7.68583796063848e-05)
(90, 7.72248657181368e-05)
(162, 8.01093394308418e-05)
(202, 8.142393126843124e-05)
(290, 8.517974585366991e-05)
(354, 8.828798434908409e-05)
(362, 8.786638148223915e-05)
(706, 0.00011139400577569786)
(794, 0.00011941160072702467)
(890, 0.00013387875040031156)
(938, 0.0001427091526479344)
(1146, 0.00018636495126238408)
(1258, 0.000217004251556668)
(1346, 0.00025386835965077035)
(1498, 0.00035233271342325343)
(1506, 0.0003470641617907314)
(1642, 0.0004847303586534206)
(1706, 0.0006955625629499221)
(1922, 0.0026714808552063597)
(98, 7.745069309141937e-05)
(130, 7.907018783144567e-05)
(594, 0.00010410232794745538)
(834, 0.000126517224542085)
(922, 0.00014153458770837021)
(1042, 0.00015775922453351075)
(1106, 0.00017353043351443705)
(1122, 0.00016733848479402513)
(1266, 0.00021988592120152187)
(1450, 0.0003008241442926302)
(1538, 0.0003778776427995069)
(1602, 0.00045459409800700795)
(1658, 0.0005543002416122588)
(1970, 0.0035885358097922154)
(450, 9.220322311547318e-05)
(490, 9.404830715956667e-05)
(1162, 0.00016999249640770332)
(210, 8.17329817516031e-05)
(274, 8.418909665919351e-05)
(842, 0.00012781373592587905)
(1826, 0.001130846225138928)
(106, 7.868280964244684e-05)
(858, 0.00012732335347577771)
(1098, 0.0001699259296913532)
(1242, 0.00020172051660464948)
(1546, 0.000368358984209984)
(1946, 0.0033238783089672643)
(338, 8.823718442503047e-05)
(1090, 0.00016746679349323966)
(1178, 0.0001863668460961295)
(1562, 0.0004213351420138704)
(1034, 0.00015690267324218224)
(554, 9.851564875030611e-05)
(1866, 0.001294671396551149)
(482, 9.335171956529543e-05)
(914, 0.0001382028446623169)
(466, 9.442395005494598e-05)
(1290, 0.00022531343143720675)
(26, 7.543298651350852e-05)
(34, 7.586908008877699e-05)
(11, 7.52178072778769e-05)
(35, 7.610461215667027e-05)
(115, 7.815418334052969e-05)
(163, 8.116928836554888e-05)
(179, 8.125619267038791e-05)
(219, 8.233870227041242e-05)
(259, 8.471330070789209e-05)
(323, 8.71396921759051e-05)
(347, 8.841811424826683e-05)
(355, 9.012306648476759e-05)
(363, 9.022448568202495e-05)
(387, 8.971357752525394e-05)
(443, 9.422146475792239e-05)
(483, 9.571585163895433e-05)
(555, 0.000101687320177447)
(587, 0.00010094801151416471)
(635, 0.00010591076931364073)
(643, 0.00010410674706023458)
(667, 0.00010965812320622114)
(683, 0.00011184574288039295)
(715, 0.00010931101855647126)
(723, 0.00011589553293182958)
(739, 0.00011111583840754015)
(803, 0.00012279626572263326)
(843, 0.00012778839421167049)
(867, 0.0001312707870490445)
(915, 0.00013282463782239297)
(947, 0.0001416259393440212)
(955, 0.00013536281571491354)
(971, 0.0001438527913347189)
(979, 0.00013981172198571115)
(1003, 0.00015365740415070528)
(1011, 0.00014893251314134143)
(1027, 0.00015609374387079634)
(1051, 0.00015607246338472127)
(1059, 0.00016724044116133156)
(1115, 0.00017182959632353897)
(1131, 0.00017466972334240964)
(1155, 0.00017498359492593878)
(1187, 0.00018356360640685014)
(1235, 0.00020293420960668205)
(1251, 0.00021598097523004548)
(1259, 0.00021883251746129345)
(1283, 0.00021109280328858622)
(1315, 0.00023248131817483943)
(1339, 0.0002672619358969006)
(1355, 0.00024905920369275975)
(1371, 0.00025413730000408574)
(1379, 0.0002469015494524383)
(1419, 0.0003064351023610569)
(1435, 0.0003220360934623087)
(1491, 0.0003314507454078875)
(1523, 0.00035644182692309156)
(1539, 0.00037533653477935403)
(1563, 0.0004307278957221445)
(1635, 0.0005374140380047022)
(1667, 0.0006039918419059278)
(1675, 0.0006177116649258405)
(1723, 0.0006329659445845333)
(1731, 0.0007114632084582016)
(1771, 0.0008542688056039104)
(1803, 0.0009748939505872684)
(1827, 0.001018169234940909)
(1843, 0.0011677327561511468)
(1851, 0.0013566673878470964)
(1875, 0.0017266486615707603)
(1931, 0.0026047342945818633)
(1987, 0.009976915735947046)
(1995, 0.010763520716574384)
(27, 7.576694781078706e-05)
(59, 7.632148280825256e-05)
(83, 7.753025892165851e-05)
(91, 7.834948172132046e-05)
(139, 7.97746190028279e-05)
(171, 8.07776690174797e-05)
(211, 8.07516429941595e-05)
(227, 8.341352296926239e-05)
(251, 8.441260463658816e-05)
(283, 8.505448288469862e-05)
(291, 8.575408885056325e-05)
(307, 8.600333907855084e-05)
(315, 8.648472571589491e-05)
(331, 8.69355959779446e-05)
(435, 9.132599042828017e-05)
(451, 9.500676492927653e-05)
(491, 9.640002016694624e-05)
(507, 9.991744302552998e-05)
(523, 0.00010063466848124238)
(531, 9.958619622092604e-05)
(579, 0.00010368633408128425)
(595, 0.00010298440125301422)
(691, 0.00010876724971491733)
(747, 0.00011305539927669399)
(755, 0.00012065086544557022)
(771, 0.0001190519344898334)
(811, 0.0001231210451726563)
(827, 0.0001252210779077585)
(851, 0.00012896648150265288)
(963, 0.0001406779679433158)
(1043, 0.0001589755485628972)
(1083, 0.00016113039576541496)
(1091, 0.00017099566620675958)
(1099, 0.00016297638224630823)
(1107, 0.00017561593868185336)
(1147, 0.00018448713068276894)
(1171, 0.00017320011491294177)
(1203, 0.00019419997152354238)
(1219, 0.00020315516348302844)
(1267, 0.00022624639987339355)
(1427, 0.0002994346844319548)
(1459, 0.00030669831650262174)
(1483, 0.0003305016238518781)
(1571, 0.00044762028085373125)
(1579, 0.00040631685944636937)
(1587, 0.0004512311913124963)
(1595, 0.00044359183361965265)
(1603, 0.00046056423218006934)
(1795, 0.0008775919664568628)
(1859, 0.0014876878944532668)
(1891, 0.001786918799389225)
(1915, 0.0020545132762695467)
(1947, 0.0026226702428211205)
(1963, 0.0033280783368343017)
(1971, 0.004563713859649414)
(75, 7.739597798940409e-05)
(107, 7.901592645225548e-05)
(131, 7.863300592392665e-05)
(147, 7.998745579238146e-05)
(187, 8.04326384813057e-05)
(267, 8.464724736575955e-05)
(403, 9.060009225281801e-05)
(411, 9.29362667805208e-05)
(419, 9.124078812987778e-05)
(459, 9.823886729656003e-05)
(467, 9.565566581220091e-05)
(547, 9.951091741248093e-05)
(787, 0.00012010401337235264)
(859, 0.00013089494198254237)
(923, 0.00013878198927097735)
(939, 0.0001399544104868306)
(987, 0.00014792930990741802)
(1019, 0.00014628763125470974)
(1123, 0.00018137988122029092)
(1139, 0.00018353696750766902)
(1163, 0.0001939362266562467)
(1179, 0.00018360118483463602)
(1211, 0.00019108651285956258)
(1323, 0.0002405778367732572)
(1403, 0.0002891674378990212)
(1443, 0.0003190061508419562)
(1499, 0.00035336452309641026)
(1515, 0.00038918067676543155)
(1531, 0.00038492310165621547)
(1555, 0.00040652403381503737)
(1611, 0.00046380541476849534)
(1627, 0.0004657172429318935)
(1691, 0.0006558470503726646)
(1739, 0.0007699638483445502)
(1747, 0.0008201429899223467)
(1787, 0.0009024063783346594)
(1811, 0.0010213400419047194)
(1835, 0.0012047005669822807)
(275, 8.45710410154211e-05)
(371, 9.102779697050438e-05)
(395, 9.10804328305848e-05)
(427, 9.412445388065941e-05)
(603, 0.00010328686516764392)
(707, 0.00011358229520831573)
(731, 0.00011529661417395968)
(795, 0.00012491238851095108)
(1067, 0.00016626844734193212)
(1075, 0.0001681650417268997)
(1195, 0.0001816679267271576)
(1275, 0.00021801466425821987)
(1291, 0.00022391173749017855)
(1299, 0.00023432081521989332)
(1347, 0.0002520394613810702)
(1411, 0.00027828467990556886)
(1451, 0.00032260253254130604)
(1683, 0.0005770616359928909)
(1715, 0.0007150238785126195)
(1755, 0.0007130732006604714)
(1819, 0.0010503162115508943)
(1907, 0.0020375039850941577)
(1923, 0.002292676576380084)
(339, 8.82628444292584e-05)
(499, 9.772787592319454e-05)
(659, 0.00010910582658682934)
(763, 0.0001163417557856491)
(779, 0.0001184559984027614)
(875, 0.00013031940039111636)
(899, 0.00013580345121876004)
(1035, 0.00015703508613922474)
(1227, 0.0002041280584142484)
(1331, 0.00022566333906031522)
(1763, 0.0009278731819937225)
(123, 8.00021271032953e-05)
(155, 8.084313789567051e-05)
(299, 8.581934028181501e-05)
(379, 8.918031001849229e-05)
(539, 9.866045944477013e-05)
(611, 0.00010317465607690309)
(619, 0.00010253506651564724)
(627, 0.00010714641599800147)
(891, 0.00012806816604683113)
(907, 0.00013486400107788762)
(1363, 0.00026743441708770583)
(1395, 0.0002612690490048432)
(1475, 0.0003242489922047165)
(1547, 0.0004311829989345721)
(1619, 0.0004848510250476448)
(1659, 0.0005212647464921019)
(1707, 0.0007622295748658046)
(1883, 0.0018873033048904064)
(1955, 0.0037956694484178053)
(67, 7.642713912160001e-05)
(99, 7.936938034986542e-05)
(203, 8.213755716919402e-05)
(515, 9.68177703198691e-05)
(995, 0.00014900848881445414)
(1699, 0.0005550693700811686)
(1779, 0.0008929063176332697)
(1979, 0.005547051749277636)
(195, 8.180088933030885e-05)
(243, 8.323139706729262e-05)
(563, 0.00010034124716601986)
(699, 0.00011455632950310479)
(1307, 0.00022213604481042555)
(1507, 0.00034817295606458194)
(1899, 0.0017435836675914445)
(235, 8.387043508019212e-05)
(571, 0.00010217110887632939)
(675, 0.00011067851195645294)
(835, 0.00012632129179387605)
(1643, 0.0005346949729665186)
(1939, 0.0028586906043507505)
(931, 0.0001366984663383093)
(1243, 0.0001872815438074078)
(883, 0.0001280512823544321)
(1467, 0.00029176826014888174)
(651, 0.0001096967337250875)
(1651, 0.0005110971763101742)
(475, 9.663598379022075e-05)
(819, 0.00012025444576508156)
(1387, 0.00023917570436892115)
(1867, 0.0016449710876477491)
(51, 7.610673221587991e-05)
(19, 7.56523298085031e-05)
(43, 7.588413056559464e-05)
(12, 7.543302337380493e-05)
(20, 7.608367198208673e-05)
(36, 7.59710588087624e-05)
(60, 7.68574654348945e-05)
(84, 7.77458782575675e-05)
(132, 7.975234786596359e-05)
(140, 8.062125233355183e-05)
(148, 8.019999429691058e-05)
(156, 8.033443688444573e-05)
(172, 8.146940445384317e-05)
(180, 8.01790468397029e-05)
(188, 8.075350972709172e-05)
(220, 8.288567916650409e-05)
(236, 8.428151283217193e-05)
(276, 8.628300218044551e-05)
(292, 8.72161037535199e-05)
(316, 8.926259832351232e-05)
(348, 8.716015549379403e-05)
(372, 8.822329495818251e-05)
(380, 9.08890147143352e-05)
(404, 9.236195962542467e-05)
(420, 9.285240665950415e-05)
(428, 9.240294455060917e-05)
(484, 9.686870078747176e-05)
(524, 0.00010045324507448905)
(532, 9.894658843020017e-05)
(548, 0.00010182088297091646)
(564, 0.00010088903044935888)
(596, 0.00010543939542673482)
(604, 0.00010402519226231466)
(612, 0.0001052719782629111)
(732, 0.00011057172766381897)
(756, 0.00011634089420372117)
(764, 0.00011692708977386379)
(772, 0.00012575561307643366)
(796, 0.00012428151263775076)
(828, 0.00012801605343667718)
(836, 0.00012834078240287072)
(860, 0.0001288208995874891)
(940, 0.00013784023644490532)
(972, 0.0001422011512345015)
(988, 0.00014762357430788894)
(996, 0.00014798672742611003)
(1044, 0.00016016526421035974)
(1052, 0.00015775479644572919)
(1060, 0.00015891339848495413)
(1076, 0.00016253576118635803)
(1092, 0.00016559532702904159)
(1108, 0.00016551727931229254)
(1116, 0.0001676285443097307)
(1132, 0.00017921382863386113)
(1164, 0.0001856016594516931)
(1188, 0.0001986255706229428)
(1220, 0.00020592846931540752)
(1244, 0.0002136484097864617)
(1252, 0.0002193652933215899)
(1364, 0.0002614978476774409)
(1372, 0.00026636328896832554)
(1396, 0.0002872555481332236)
(1420, 0.0002800998174710833)
(1452, 0.00031097951407046644)
(1484, 0.0003335921718531661)
(1492, 0.00033531478927461194)
(1532, 0.00038470975399100153)
(1548, 0.00042065123494937893)
(1564, 0.00039989143615889094)
(1612, 0.00047662724968183253)
(1628, 0.0005204976290259809)
(1636, 0.0005336622701366025)
(1660, 0.0005945281170004052)
(1668, 0.0005435250180676435)
(1692, 0.0006613771435076189)
(1700, 0.0006058682883166647)
(1756, 0.0007375617287014849)
(1764, 0.0008666118970613827)
(1788, 0.0010749568472778416)
(1796, 0.0009056999392775351)
(1844, 0.0011602345805380079)
(1868, 0.001468319255823961)
(1900, 0.0019189463940867497)
(1908, 0.002352062957562497)
(1924, 0.002005399393291772)
(1940, 0.0027267149910897106)
(1948, 0.0033097855399754467)
(1956, 0.004003226563781433)
(1964, 0.004116088686239187)
(100, 7.866340029979912e-05)
(108, 7.856637392245705e-05)
(204, 8.234403036849763e-05)
(252, 8.472169149301674e-05)
(308, 8.66754640078976e-05)
(356, 8.829920638857271e-05)
(388, 8.934701263114549e-05)
(452, 9.60155808973208e-05)
(492, 9.448003388772127e-05)
(540, 9.8566991928518e-05)
(644, 0.0001085477854560689)
(652, 0.00010943991240003125)
(660, 0.0001072239181346108)
(668, 0.00010841956515338886)
(700, 0.00011010051337365432)
(708, 0.00011370566710384295)
(716, 0.0001078929758503018)
(724, 0.00010801235538748785)
(748, 0.00011440986507074034)
(780, 0.00012089442166406621)
(804, 0.00011970850109589694)
(812, 0.0001215193424164512)
(884, 0.0001364156676327083)
(900, 0.00013322584569404179)
(916, 0.00013820708007682386)
(948, 0.0001405174592347842)
(1012, 0.00015782220574612848)
(1036, 0.00015347625561433397)
(1180, 0.00018255309497252893)
(1212, 0.00021126089022496423)
(1260, 0.00022317082491757117)
(1292, 0.00022902656114700306)
(1308, 0.00022866622898274047)
(1348, 0.000258560744280183)
(1380, 0.0002670503308701194)
(1436, 0.00029277543719181053)
(1444, 0.00031257946353507047)
(1524, 0.0003656038879916494)
(1596, 0.00044811797999204985)
(1604, 0.0004375699885604919)
(1644, 0.0005096942849043769)
(1732, 0.0007606649983096406)
(1812, 0.0010308101353194983)
(1828, 0.0011969067312947196)
(1860, 0.0013163688535671601)
(1916, 0.0019372780772550988)
(1932, 0.0027382367121436936)
(1980, 0.006603319065100641)
(28, 7.60081213776339e-05)
(44, 7.652587501958037e-05)
(212, 8.28217064408353e-05)
(268, 8.461759509524914e-05)
(332, 8.767208697739001e-05)
(340, 8.783310385546042e-05)
(364, 8.878584709998301e-05)
(396, 9.1380189824393e-05)
(436, 9.326373089601174e-05)
(460, 9.489050004267801e-05)
(468, 9.49398484719552e-05)
(500, 9.666760450458029e-05)
(556, 9.802598351408414e-05)
(572, 0.00010085718683076034)
(620, 0.00010300290926748237)
(636, 0.00010660115425938701)
(684, 0.00010957092475930046)
(692, 0.00010937536086288408)
(924, 0.00013435241609674383)
(964, 0.00014416563231406967)
(980, 0.00014641064511066625)
(1028, 0.00014900552200535866)
(1084, 0.0001626202984343399)
(1268, 0.00021362082987845163)
(1284, 0.0002220551302405811)
(1300, 0.0002311163855089953)
(1332, 0.0002291391156931147)
(1356, 0.00024342425592733115)
(1404, 0.0002676499011101766)
(1508, 0.00037097751130060774)
(1620, 0.00047212843018396)
(1676, 0.0006026910842833669)
(1716, 0.0006216935814753905)
(1748, 0.0007738175554375231)
(1852, 0.0014518738946603777)
(1876, 0.001610253345090358)
(1884, 0.001731051595606866)
(1988, 0.009124874916058125)
(52, 7.619623833960292e-05)
(244, 8.246168057693144e-05)
(300, 8.571439575907835e-05)
(516, 9.794877575494492e-05)
(580, 0.00010198584864666003)
(676, 0.0001145553970769822)
(820, 0.0001251021085768019)
(892, 0.00013162632393884442)
(1140, 0.0001825144921828676)
(1148, 0.00017243699346917695)
(1172, 0.00018536449609998716)
(1412, 0.0002783148728479127)
(1476, 0.0003402769262804135)
(1516, 0.0003667390669209706)
(1540, 0.0004065031325091652)
(1572, 0.0004208740110732193)
(1588, 0.0004358202339473909)
(1684, 0.0005423475975901034)
(1836, 0.0012518509935498716)
(1972, 0.0053446413743822)
(164, 8.041536465912654e-05)
(196, 8.099673289436024e-05)
(324, 8.77564738253313e-05)
(444, 8.912172564564579e-05)
(588, 0.0001028671886345281)
(844, 0.00012225227910636586)
(852, 0.0001283305119328723)
(868, 0.0001254470631755261)
(876, 0.00013178721516567463)
(956, 0.00014193664017207592)
(1004, 0.0001527170291458744)
(1020, 0.0001573304583831323)
(1204, 0.00019298386938016018)
(1228, 0.00020256068972235216)
(1316, 0.00023042145429204818)
(1428, 0.0003027742985883049)
(1468, 0.0003231079976811414)
(1820, 0.00119490361805946)
(1892, 0.0016753510418083557)
(260, 8.453644001892516e-05)
(284, 8.552380682390154e-05)
(508, 9.961362004720028e-05)
(1156, 0.0001842840475485326)
(1196, 0.00019766984928302117)
(1236, 0.00020242682601530424)
(1652, 0.0005394351341472806)
(1772, 0.0009215338583405887)
(76, 7.797691979488314e-05)
(124, 7.991402574583916e-05)
(412, 8.969101424361247e-05)
(476, 9.580260614749823e-05)
(908, 0.00013805147857010592)
(1068, 0.00017308174904805324)
(1124, 0.00017475572224601068)
(1276, 0.00021967139912299063)
(1324, 0.0002408514540749475)
(1340, 0.0002431216668621998)
(1460, 0.0002983632996109477)
(1500, 0.0003326301081908695)
(68, 7.75452424350993e-05)
(116, 7.949242465318624e-05)
(628, 0.00010454968316996941)
(740, 0.00011755153030952692)
(788, 0.00012568917474023523)
(1580, 0.0004448777951826306)
(1708, 0.0006390251422270101)
(1780, 0.0009130666215812156)
(1100, 0.00016442932122225716)
(1556, 0.00040278156208996827)
(1804, 0.0010234920993713876)
(1996, 0.016307552153374698)
(92, 7.770192756549867e-05)
(228, 8.313617896792017e-05)
(1388, 0.0002661688509947032)
(1724, 0.0007641954735354179)
(1740, 0.0006583784605356201)
(932, 0.00013751282165084676)
(13, 7.564609955724748e-05)
(69, 7.675839332027355e-05)
(77, 7.786633904888724e-05)
(109, 7.821954091178947e-05)
(149, 7.981796652998441e-05)
(157, 8.13101877521641e-05)
(221, 8.194391323664964e-05)
(237, 8.351518844694464e-05)
(269, 8.406830187422307e-05)
(277, 8.5855320111491e-05)
(309, 8.58150098868309e-05)
(389, 8.933611044824702e-05)
(445, 9.365417490143044e-05)
(461, 9.435205133031326e-05)
(501, 9.706212339840079e-05)
(517, 9.816484351549815e-05)
(557, 9.850100441396243e-05)
(573, 0.000101504802536969)
(613, 0.00010461954648634594)
(621, 0.00010495738681716945)
(637, 0.00010750723258933002)
(669, 0.0001111860582457647)
(829, 0.00012288058623318303)
(861, 0.0001254183203706167)
(877, 0.00012848032797206204)
(885, 0.0001333679934527633)
(909, 0.00013521534233097032)
(933, 0.00014234907892001544)
(941, 0.00014057742585223712)
(989, 0.00014825431878809364)
(1005, 0.00014931061924386066)
(1029, 0.00015367492393646143)
(1045, 0.00015608937404422115)
(1085, 0.00016681725557946591)
(1101, 0.0001675400745273809)
(1117, 0.00017872482761425632)
(1141, 0.00018091717436760423)
(1149, 0.00018160718776537201)
(1157, 0.0001770826308802391)
(1165, 0.00019067258017413136)
(1213, 0.00019474903350670406)
(1229, 0.0002048044965841725)
(1245, 0.00021755264543630123)
(1285, 0.00024379251977136885)
(1309, 0.00022460166928969945)
(1349, 0.0002359008676427789)
(1405, 0.00027265187206516726)
(1445, 0.00031976282318271705)
(1453, 0.00030192696175206877)
(1469, 0.0003288048817089131)
(1509, 0.0003422989073860059)
(1533, 0.0003839758186234659)
(1557, 0.00039026338980977594)
(1581, 0.0004204093412412864)
(1589, 0.0004466944193322989)
(1637, 0.0005103895712561757)
(1661, 0.00055864423755225)
(1685, 0.0005528176007678032)
(1717, 0.0006921341215838829)
(1773, 0.0008094547590579537)
(1789, 0.0009535331169023665)
(1797, 0.001001956334395259)
(1845, 0.0013091877302334784)
(1869, 0.0013989002520137053)
(1877, 0.001708652117017953)
(1893, 0.0016818786291101315)
(1949, 0.003072987707819843)
(1973, 0.00435895972551676)
(1989, 0.007772091073805311)
(29, 7.588201664940362e-05)
(61, 7.741261036944514e-05)
(85, 7.765073659227264e-05)
(181, 8.120259219837206e-05)
(197, 8.03071203885086e-05)
(213, 8.154937144995478e-05)
(285, 8.501327587913492e-05)
(325, 8.639931187641223e-05)
(357, 8.84524845475692e-05)
(365, 8.959032663929949e-05)
(373, 8.849858668082364e-05)
(381, 8.903477913906982e-05)
(485, 9.652671472926471e-05)
(493, 9.716832655454568e-05)
(525, 0.00010123967768324201)
(645, 0.00010204828905859162)
(653, 0.0001092515510528434)
(661, 0.00010853944518951406)
(677, 0.00011013726067201889)
(717, 0.00011209793573461509)
(725, 0.00011137746752345234)
(733, 0.00011965639315866439)
(749, 0.0001154117806385951)
(781, 0.00011602198246586309)
(821, 0.0001267136151082822)
(893, 0.0001363131723952904)
(901, 0.00013758019651171306)
(917, 0.0001346079137029304)
(925, 0.00013919399145792186)
(973, 0.00014590298818853689)
(981, 0.0001486148905618812)
(1061, 0.00015375215148486594)
(1069, 0.00016960128363676047)
(1109, 0.00016946774847274024)
(1125, 0.00016869874999066316)
(1173, 0.00018451779925024995)
(1197, 0.00019860641786419658)
(1221, 0.00021074322805498776)
(1237, 0.0002041862147938314)
(1253, 0.00022014515135282132)
(1261, 0.00023730478221995746)
(1333, 0.00024066514787302322)
(1381, 0.0002691772127884446)
(1389, 0.00028276691032668377)
(1437, 0.00031843514883380075)
(1493, 0.0003651704344649345)
(1541, 0.00036511983987311036)
(1573, 0.0004050393826837253)
(1605, 0.00044769341401415394)
(1645, 0.000516144186209266)
(1653, 0.0005082377792703122)
(1677, 0.0005629386160769996)
(1693, 0.0006715551497640813)
(1701, 0.0006889326913788702)
(1733, 0.0006995877823784967)
(1765, 0.0008306298527599782)
(1821, 0.0010880795789133023)
(1901, 0.0019580260752306636)
(1941, 0.002833309599407031)
(37, 7.610411586299405e-05)
(53, 7.662306488572017e-05)
(93, 7.752442911105928e-05)
(165, 8.006232766580242e-05)
(261, 8.533013909364238e-05)
(317, 8.97613527144164e-05)
(349, 8.808413901618766e-05)
(397, 9.193903826060232e-05)
(429, 9.492379517194405e-05)
(453, 9.433961625204872e-05)
(533, 0.00010010316331662151)
(541, 0.0001013486260320568)
(549, 0.00010011207216505934)
(565, 9.982011738486789e-05)
(741, 0.00011830988583973981)
(757, 0.00012051449485220124)
(949, 0.00013453731250676835)
(1013, 0.00015550281964216484)
(1037, 0.00015490933865131018)
(1053, 0.00015308565163605438)
(1077, 0.00016907543016834574)
(1093, 0.00016083887250928691)
(1189, 0.00018077682238563534)
(1269, 0.0002251432390227124)
(1293, 0.0002316723276606551)
(1357, 0.0002497774456771099)
(1597, 0.00046418248091423367)
(1629, 0.0004611813256247517)
(1709, 0.0006460033093603732)
(1741, 0.0008173574454102382)
(1749, 0.000769053128752788)
(1757, 0.0007829573724561824)
(1781, 0.0010218756942640026)
(1805, 0.0009469304424182627)
(1837, 0.0011468978440217674)
(1885, 0.0016619798772325753)
(1909, 0.001983695505353511)
(1981, 0.00548712077160797)
(1997, 0.011764012739145914)
(117, 7.92210028389365e-05)
(125, 7.897487594472584e-05)
(133, 7.859341728118686e-05)
(173, 8.104736519226979e-05)
(189, 8.186150571299936e-05)
(245, 8.315758065519576e-05)
(341, 8.791952142105642e-05)
(413, 9.245151770714453e-05)
(469, 9.563830170136815e-05)
(581, 0.00010285978620557251)
(597, 0.00010334437602672624)
(605, 0.00010302507298220101)
(629, 0.00010502964095325395)
(685, 0.00010931400395580693)
(789, 0.00011821599107140668)
(797, 0.0001223484962272354)
(805, 0.0001216620585143153)
(853, 0.00012876221756727256)
(869, 0.00013042539599165427)
(957, 0.00013954502121094422)
(965, 0.0001491297888205918)
(997, 0.0001460388700360556)
(1181, 0.00019302591006277188)
(1205, 0.00018631402423195144)
(1277, 0.0002155771549653325)
(1365, 0.0002552759864142346)
(1373, 0.00026983077134903655)
(1397, 0.0002800613798925162)
(1429, 0.00028403821611901534)
(1477, 0.00031586670528377863)
(1525, 0.0003677610652385498)
(1549, 0.00035967768575804527)
(1613, 0.0004858594256103018)
(1725, 0.0007868051010129852)
(1861, 0.0014885409529820847)
(1933, 0.002870827645630897)
(1957, 0.0038835792452890333)
(1965, 0.0033832531172239048)
(141, 8.022725576214793e-05)
(205, 8.216435593694128e-05)
(333, 8.908542418833114e-05)
(437, 9.08610311159462e-05)
(701, 0.00011427914820493908)
(709, 0.00011407739200530495)
(1325, 0.00024178631669672306)
(1341, 0.00025019446045742915)
(1421, 0.00029468892198246296)
(1501, 0.0003694660929163897)
(1669, 0.0005819767608097033)
(1813, 0.0010315853890058054)
(1917, 0.0024020052355644144)
(477, 9.362110912919234e-05)
(765, 0.00011931354986111623)
(813, 0.00012066022746785091)
(837, 0.0001308360600030931)
(845, 0.00012572628324660677)
(1301, 0.0002273492581190789)
(1317, 0.00023763932361448525)
(1485, 0.000337246494639066)
(101, 7.867774042738749e-05)
(253, 8.558208372048449e-05)
(509, 9.561531765088379e-05)
(693, 0.00011076481119599133)
(1133, 0.000173562568791139)
(1413, 0.0002883344537802784)
(1565, 0.00041179637519731644)
(1925, 0.002286994705159361)
(229, 8.29433229093008e-05)
(773, 0.00011799737172291016)
(1621, 0.00047173523306100586)
(1829, 0.0009362440760876838)
(405, 9.187512800184049e-05)
(1021, 0.00015164167729533217)
(1461, 0.00031841413433426587)
(301, 8.381134761589123e-05)
(1517, 0.0003665259977857769)
(293, 8.533613879129096e-05)
(1853, 0.0013360858788697872)
(589, 0.00010654883756281108)
(421, 8.944703501818509e-05)
(21, 7.564495487994405e-05)
(45, 7.57662150451952e-05)
(22, 7.58655215198397e-05)
(62, 7.686605684520158e-05)
(70, 7.7499324739348e-05)
(94, 7.83261403305773e-05)
(134, 7.964597362902235e-05)
(150, 7.969499586110362e-05)
(158, 8.056188002372448e-05)
(174, 8.250667799005006e-05)
(182, 8.06432872542347e-05)
(190, 8.121136770642434e-05)
(214, 8.209424344277138e-05)
(230, 8.37007856635092e-05)
(246, 8.420497962173335e-05)
(286, 8.526547211980902e-05)
(302, 8.564536393164613e-05)
(334, 8.924257363171123e-05)
(374, 9.001514251414843e-05)
(398, 9.325836301838191e-05)
(406, 9.166113682951014e-05)
(414, 9.336572970624455e-05)
(422, 9.263231557567737e-05)
(446, 9.602983217844979e-05)
(454, 9.289329198241881e-05)
(502, 9.47607009778378e-05)
(526, 9.909896516252253e-05)
(534, 9.951768930038428e-05)
(558, 0.00010044920147221798)
(590, 0.00010442898295275123)
(614, 0.00010711466019684484)
(622, 0.00010705767589496749)
(662, 0.00010715109270757086)
(694, 0.00010921145299121993)
(702, 0.00010788486713305045)
(710, 0.00010817924939413738)
(742, 0.00011673840875790124)
(830, 0.00012326393672965942)
(838, 0.0001251587276634975)
(878, 0.0001311906709709684)
(886, 0.00013442024264014607)
(926, 0.0001462332965264339)
(934, 0.0001401003199756908)
(950, 0.00014447141610908737)
(990, 0.00014525003320563017)
(998, 0.00015223191729937485)
(1006, 0.0001484584333330096)
(1022, 0.0001478532975491845)
(1046, 0.00014571373190678394)
(1070, 0.00016081425591986354)
(1110, 0.00017709313220561074)
(1126, 0.00017311088395290488)
(1142, 0.00017795253829784423)
(1150, 0.00018052038028289923)
(1174, 0.00018809773871747762)
(1182, 0.00019290031126659374)
(1254, 0.00020399799131203645)
(1278, 0.00022597851208202365)
(1310, 0.0002233853801228544)
(1342, 0.0002421049399083741)
(1390, 0.00027695057594995823)
(1422, 0.0002949219652562188)
(1430, 0.00030367961885586895)
(1446, 0.0003058955425397012)
(1470, 0.00032043723521481455)
(1510, 0.0003845100553611101)
(1518, 0.00035231061968124137)
(1534, 0.0003594279775296975)
(1566, 0.0004191527509819735)
(1574, 0.00043448880167890286)
(1582, 0.00048063766682915647)
(1598, 0.00043482751016649205)
(1622, 0.0005144476065063416)
(1638, 0.0005371219434598207)
(1646, 0.0005642798713274263)
(1702, 0.0005859207600741183)
(1710, 0.0006390465358746793)
(1718, 0.000659407402024714)
(1726, 0.0006986526696528313)
(1758, 0.0008585948061729353)
(1766, 0.0008533277154145136)
(1782, 0.0010189011473919316)
(1814, 0.001037196239924341)
(1822, 0.001144999287050767)
(1830, 0.0011395254865685393)
(1886, 0.0018500617781381597)
(1902, 0.002327666519924112)
(1950, 0.002978069498758826)
(1966, 0.004527540644295356)
(1974, 0.004800586682038126)
(1990, 0.006751399827984713)
(1998, 0.01815352769206788)
(46, 7.630708323845667e-05)
(126, 7.876483197746645e-05)
(198, 8.231680654016113e-05)
(294, 8.581841519082687e-05)
(310, 8.568553450241129e-05)
(318, 8.737150322323992e-05)
(342, 8.892174605224816e-05)
(382, 9.131670217193315e-05)
(438, 9.284638385998793e-05)
(478, 9.457506329089264e-05)
(550, 0.0001007833078150977)
(566, 0.0001021869872529673)
(582, 0.00010002180544646884)
(606, 0.00010391520064907786)
(678, 0.00010795590514536965)
(686, 0.00010979029641513827)
(726, 0.0001125662249275451)
(734, 0.00011238048231767934)
(806, 0.00012500743348425316)
(814, 0.00012042279135136621)
(902, 0.00013047861025673464)
(966, 0.0001386484031507888)
(1030, 0.00015404556435040924)
(1078, 0.0001625646001563276)
(1094, 0.00017259497754558325)
(1102, 0.00017402308077113076)
(1158, 0.00019275350801463626)
(1198, 0.0001960126115810138)
(1230, 0.00020245746917703947)
(1246, 0.00021715514464908407)
(1286, 0.00022077845763013624)
(1318, 0.00023306972239433985)
(1334, 0.00025618360608926124)
(1350, 0.00025369562500011087)
(1366, 0.00028151382995057593)
(1382, 0.0002887741198775306)
(1414, 0.00027720138328016903)
(1486, 0.00034366834304304784)
(1590, 0.000443468760295857)
(1614, 0.00045087350233583793)
(1686, 0.0006135663238775925)
(1694, 0.0006201571203538679)
(1734, 0.0006886544728188541)
(1750, 0.0007945665040393419)
(1870, 0.0015895844633087792)
(1958, 0.004443380551463179)
(30, 7.587704851710473e-05)
(38, 7.630956950038852e-05)
(366, 8.964492505984545e-05)
(390, 9.103351810760742e-05)
(430, 9.260166623251153e-05)
(510, 9.442606749370392e-05)
(670, 0.00010659367513414644)
(718, 0.00011254722215666137)
(758, 0.00011332780521416033)
(774, 0.00012009181671333056)
(862, 0.00012778210014814954)
(894, 0.00013485599091391957)
(910, 0.00013482411067170907)
(958, 0.00014644851342168551)
(982, 0.0001466970058650956)
(1062, 0.00014668692483432846)
(1086, 0.00016102017901634607)
(1166, 0.00018318104668250197)
(1262, 0.0002042932947429709)
(1270, 0.00023192187205107383)
(1406, 0.0002809325334189588)
(1454, 0.0003102348086484345)
(1494, 0.0003572160604900865)
(1662, 0.0005805366495914025)
(1838, 0.0012937803191943674)
(1926, 0.002424402650801477)
(1934, 0.0025733883720226963)
(1942, 0.003288010797276263)
(78, 7.784130269868007e-05)
(102, 7.802839520114586e-05)
(118, 7.906006014544204e-05)
(206, 8.322350285433158e-05)
(222, 8.248832756581802e-05)
(262, 8.479916184923025e-05)
(470, 9.746815873770733e-05)
(518, 9.994169839161015e-05)
(630, 0.00010653932090297678)
(790, 0.0001229921533535628)
(854, 0.00012899467825756822)
(870, 0.00012582805913109664)
(974, 0.00014395525624041474)
(1038, 0.0001542155563813611)
(1222, 0.0001991117293551574)
(1238, 0.00021915001419203268)
(1302, 0.00023008532467734983)
(1326, 0.0002467893815111301)
(1398, 0.00029052451912188194)
(1438, 0.00030058825941667604)
(1542, 0.0003940293419760381)
(1678, 0.0005938153077138215)
(1806, 0.0009613304070738402)
(110, 7.91647463096458e-05)
(142, 7.977715724053253e-05)
(166, 8.124795858067556e-05)
(238, 8.352754175989212e-05)
(278, 8.509078607523747e-05)
(326, 8.526147532905717e-05)
(350, 8.957284063842797e-05)
(542, 9.929817142090268e-05)
(638, 0.00010817262847421713)
(750, 0.00011800138064447407)
(782, 0.00011715527457510815)
(798, 0.00011920251433512136)
(822, 0.00012386379066220353)
(1014, 0.0001562200628285438)
(1118, 0.0001746923840533869)
(1134, 0.0001789488108084246)
(1374, 0.00025363636053801086)
(1462, 0.00030808923640332503)
(1558, 0.000391682798772698)
(1606, 0.00046246699540166433)
(1630, 0.0004645389768624742)
(1790, 0.0009889570149281606)
(1798, 0.0010225393802238362)
(1854, 0.001259205896683702)
(1894, 0.0019762287024675937)
(1910, 0.001830969737857745)
(254, 8.442383837325815e-05)
(270, 8.48562365281806e-05)
(486, 9.491118195992169e-05)
(646, 0.00011116846498677858)
(654, 0.00010667813569087744)
(918, 0.00013926104586773093)
(942, 0.00013471302776515105)
(1478, 0.0003361561542487214)
(1526, 0.00038068959953655834)
(1742, 0.0006833917474864188)
(1878, 0.001614949005912841)
(1918, 0.0024245859006627145)
(1982, 0.006825504333663364)
(574, 0.0001030488905642873)
(598, 0.00010320547803004302)
(846, 0.0001278117164623131)
(1214, 0.00020260224834251037)
(1550, 0.0003961926352747284)
(1670, 0.0005540914300212747)
(1862, 0.0013403077463126655)
(86, 7.755133318173284e-05)
(494, 9.33371232614272e-05)
(1054, 0.00014780969849252006)
(1190, 0.00018660288241860093)
(1206, 0.0001870658411930863)
(1294, 0.0002399088558668405)
(1502, 0.00034714180829469087)
(1846, 0.0013279006178228967)
(766, 0.00011739524843103883)
(1358, 0.00024788484709958733)
(1654, 0.0005326186058177423)
(358, 8.859217738308e-05)
(462, 9.581209593254944e-05)
(1774, 0.0008287186575818517)
(54, 7.707072236512634e-05)
(14, 7.522079980270916e-05)
(23, 7.597600226665818e-05)
(31, 7.587912474618438e-05)
(55, 7.686022016257538e-05)
(71, 7.705833505650319e-05)
(79, 7.778338306393677e-05)
(143, 8.089345763407591e-05)
(167, 8.189147923130947e-05)
(175, 8.161378140288313e-05)
(191, 8.18751426048375e-05)
(223, 8.342997103683001e-05)
(255, 8.604271640192617e-05)
(279, 8.5231137041568e-05)
(303, 8.53261249398206e-05)
(351, 8.72450566475614e-05)
(359, 8.667406243168474e-05)
(367, 8.940709301900532e-05)
(383, 9.069954349029694e-05)
(391, 9.312795838158003e-05)
(423, 9.257445834917829e-05)
(431, 9.343592891053587e-05)
(495, 9.459419497398604e-05)
(503, 9.741025918298518e-05)
(543, 0.0001011567307388822)
(567, 9.675240247812269e-05)
(575, 0.00010331204252989558)
(615, 0.00010335754061611217)
(631, 0.00010526044664263719)
(647, 0.00011096820576640633)
(711, 0.00011481206442175905)
(719, 0.00011726811903271962)
(751, 0.0001168186862189812)
(799, 0.00011969575009076932)
(823, 0.00011719812407568148)
(911, 0.00014123922762717544)
(927, 0.00014122421426233218)
(943, 0.00014102781320788382)
(983, 0.0001433257739859283)
(999, 0.0001438564417919347)
(1015, 0.00014740162181970363)
(1039, 0.00015119253700681496)
(1071, 0.00016888540953079357)
(1175, 0.00018923134092546206)
(1191, 0.00020116095846932748)
(1199, 0.00019018413101280318)
(1215, 0.00021458502008215696)
(1295, 0.0002367657014395186)
(1327, 0.0002481746178327724)
(1359, 0.000254386815672436)
(1375, 0.0002759117300159754)
(1407, 0.0002759349912707126)
(1439, 0.00028951266623334975)
(1455, 0.0003080267798865232)
(1479, 0.0003556896019406148)
(1495, 0.0003294466711635801)
(1511, 0.0003503493911478458)
(1519, 0.0003935511519921726)
(1575, 0.00043222375617045923)
(1623, 0.00046976917623753903)
(1639, 0.0005170542934311112)
(1647, 0.0005485711072899725)
(1655, 0.0005529446404221056)
(1711, 0.0006609767131590516)
(1719, 0.0006947520600001832)
(1743, 0.0007634021730891426)
(1759, 0.0007752118618159049)
(1783, 0.000898443834968323)
(1791, 0.0009468563409955221)
(1799, 0.0009768474051062052)
(1831, 0.0011465030971286954)
(1983, 0.006906189469833292)
(1991, 0.008003622385764481)
(39, 7.70813154024549e-05)
(95, 7.863376170867064e-05)
(263, 8.516884267238275e-05)
(311, 8.697660630231345e-05)
(327, 8.762644339062083e-05)
(375, 9.016293057361878e-05)
(463, 9.408660962273651e-05)
(479, 9.482936515405278e-05)
(487, 9.69264002698562e-05)
(559, 0.00010172017119284191)
(583, 0.00010322486309164152)
(607, 0.00010229600865005554)
(671, 0.00010693207276508775)
(687, 0.00011037284685231312)
(695, 0.0001101905511978011)
(727, 0.00012011691401029723)
(759, 0.00011663786372697287)
(783, 0.0001216985101870558)
(807, 0.00012427005530863574)
(863, 0.00013283742675986436)
(871, 0.00012735100407058062)
(959, 0.00013829318877970262)
(1007, 0.00014287715362916464)
(1031, 0.00015686847162885994)
(1063, 0.00016068844783920819)
(1143, 0.0001871871797818833)
(1255, 0.00021045427394125624)
(1279, 0.00022321145394059157)
(1287, 0.00021670675086963833)
(1335, 0.00025264779414799963)
(1383, 0.0002923740118207672)
(1391, 0.0002593563637235751)
(1431, 0.0002889567058137172)
(1447, 0.00027864241888810975)
(1471, 0.00031719520590342565)
(1487, 0.0003048648060362423)
(1607, 0.0004913042209234314)
(1671, 0.0005625608722353379)
(1695, 0.0006010548491273745)
(1703, 0.0006040052288898094)
(1727, 0.0007139871593048186)
(1863, 0.0015113707671048841)
(1911, 0.00247151964906805)
(1919, 0.002079150066938886)
(1927, 0.0026000884931416616)
(1959, 0.0032294868614870195)
(231, 8.255320621919536e-05)
(287, 8.45886794093758e-05)
(295, 8.526390760498681e-05)
(399, 9.076027188420442e-05)
(407, 9.041388350859916e-05)
(415, 9.250664527707294e-05)
(519, 9.805932536889286e-05)
(527, 9.685431898043942e-05)
(551, 0.00010176161227028977)
(623, 0.0001038489189925242)
(791, 0.00012130158480877889)
(839, 0.00012314066719456334)
(855, 0.0001327394201803977)
(879, 0.00013626385841383643)
(919, 0.00013493600999204785)
(975, 0.00014534452703247674)
(1055, 0.00015262333234612095)
(1079, 0.00015871024723070542)
(1151, 0.00018705693333465496)
(1183, 0.00019263074348854135)
(1271, 0.0002029032395041782)
(1319, 0.0002262996804769612)
(1367, 0.00026293979692738114)
(1463, 0.00031004766384289725)
(1527, 0.0003486130123935775)
(1567, 0.0003989803375519154)
(1599, 0.0004555725634717109)
(1615, 0.0004535967661434285)
(1735, 0.0008064896308972706)
(1775, 0.0008437957770882662)
(1807, 0.0010229123209639247)
(1839, 0.0012266293127946146)
(1847, 0.0013023908207327362)
(1855, 0.0012504685614835706)
(1879, 0.0018021725968669954)
(1903, 0.0018860556106585387)
(1967, 0.004738332931793859)
(47, 7.586370907631192e-05)
(63, 7.741054049960119e-05)
(87, 7.789660614658822e-05)
(119, 7.874838513233138e-05)
(127, 7.894756951560663e-05)
(183, 7.875971440255547e-05)
(207, 8.154502042894721e-05)
(271, 8.587619858876619e-05)
(319, 8.632792103023065e-05)
(511, 9.51917167939076e-05)
(663, 0.00010583684303659929)
(679, 0.00010944039016033955)
(847, 0.00012350963203486092)
(887, 0.00013600319009518313)
(951, 0.00013725061050588305)
(967, 0.00013754483361713032)
(991, 0.00014765381417987833)
(1087, 0.00016369299336532392)
(1111, 0.00016742376017409976)
(1119, 0.0001702510744623514)
(1239, 0.00020145216154052978)
(1343, 0.0002476042828467116)
(1535, 0.000395074596695021)
(1591, 0.0004447551485976161)
(1631, 0.00047902195668706436)
(1663, 0.0005672795803093675)
(1823, 0.0010366635927625133)
(1871, 0.0012702266113273992)
(1887, 0.0017700579282594372)
(1943, 0.0036913465600195037)
(1951, 0.0036058553363608656)
(215, 8.186313813802921e-05)
(247, 8.420848113307791e-05)
(343, 8.910612972603274e-05)
(455, 9.286974531486765e-05)
(471, 9.551679987916812e-05)
(599, 0.00010469468883568754)
(639, 0.00010403796463357151)
(735, 0.00011154223616685118)
(767, 0.00011838037846762585)
(775, 0.0001228386764158696)
(1095, 0.00016824977754505008)
(1127, 0.000183583083367159)
(1231, 0.00019045043239977798)
(1247, 0.00021547718280896057)
(1311, 0.00022318590206692662)
(1423, 0.00031004761878040136)
(1503, 0.0003474563796623643)
(1551, 0.0004027618854924391)
(1679, 0.0005516314773857439)
(1687, 0.0005685992847789659)
(1751, 0.0007603410257180938)
(135, 8.013449872905793e-05)
(151, 8.097397728508992e-05)
(199, 8.238441150235406e-05)
(239, 8.321302619678926e-05)
(335, 8.678035039519034e-05)
(439, 9.273015688287965e-05)
(815, 0.00012714773890253858)
(935, 0.000142334057984897)
(1023, 0.00015336499579911972)
(1103, 0.00017716537944901305)
(1159, 0.0001771358411041855)
(1207, 0.00020007216015720405)
(1263, 0.00020881938743712574)
(1303, 0.00023817239018189285)
(1351, 0.000251799869742769)
(1399, 0.00027933186888511356)
(1415, 0.0002764598324955695)
(1559, 0.0004461979401870276)
(1999, 0.013216335488295197)
(159, 7.959818684556488e-05)
(447, 9.610938277460398e-05)
(535, 9.989170408891804e-05)
(703, 0.0001112020340339301)
(831, 0.00012408052302651787)
(895, 0.0001288150300056979)
(903, 0.0001329750787124358)
(1047, 0.00015990027889077304)
(1767, 0.0008046327797251169)
(103, 7.86027559158514e-05)
(591, 0.00010249992538054984)
(655, 0.00010813547486838313)
(1167, 0.0001877477606119198)
(1543, 0.0003685707772558018)
(1583, 0.00040595910187548283)
(1895, 0.0018442874381337808)
(1975, 0.005877394193841607)
(111, 7.905263286367276e-05)
(1135, 0.00017063908002311361)
(1815, 0.0009997284849456603)
(743, 0.00012120650728801322)
(1223, 0.00019095183965985566)
(1935, 0.0026101292908159747)
(15, 7.53355826511907e-05)
